Optimal - objective value 423.00000000
     67 68                     1                       1
     71 72                     1                       1
     73 74                     1                       1
    127 129                    1                       1
    138 140                    1                       6
    297 300                    1                       3
    398 402                    1                       3
    416 420                    1                      14
    507 511                    1                       2
    568 572                    1                       3
    700 705                    1                       1
    773 778                    1                       4
    809 814                    1                       4
    811 816                    1                       2
    814 819                    1                       6
    848 854                    1                       3
    916 924                    1                       1
    934 942                    1                      14
    941 949                    1                       1
    949 957                    1                       2
    975 984                    1                       5
    981 990                    1                       2
    983 992                    1                       1
   1040 1049                   1                       6
   1153 1162                   1                       4
   1209 1218                   1                       1
   1272 1281                   1                       3
   1328 1337                   1                       2
   1389 1398                   1                       1
   1403 1413                   1                       4
   1417 1427                   1                       1
   1442 1453                   1                       4
   1487 1499                   1                       2
   1521 1534                   1                       2
   1574 1588                   1                       1
   1602 1616                   1                       1
   1662 1678                   1                       2
   1672 1688                   1                       8
   1704 1720                   1                      16
   1706 1722                   1                       6
   1728 1744                   1                       4
   1733 1749                   1                       3
   1741 1757                   1                      12
   1803 1819                   1                       4
   1833 1849                   1                       1
   1970 1987                   1                       5
   1979 1996                   1                       2
   1982 1999                   1                       3
   2018 2036                   1                       1
   2019 2037                   1                       3
   2087 2108                   1                       3
   2122 2145                   1                       1
   2135 2158                   1                       5
   2140 2163                   1                       1
   2244 2268                   1                       6
   2301 2325                   1                       3
   2317 2341                   1                       6
   2356 2382                   1                       4
   2389 2415                   1                       5
   2414 2440                   1                       2
   2424 2450                   1                       2
   2491 2517                   1                       1
   2702 2730                   1                       2
   2703 2731                   1                       7
   2742 2770                   1                       4
   2807 2835                   1                       5
   2845 2873                   1                       1
   2853 2881                   1                       5
   2854 2882                   1                       2
   2900 2928                   1                       1
   2908 2936                   1                       4
   2971 3000                   1                       7
   3004 3033                   1                       4
   3006 3035                   1                       1
   3091 3122                   1                       3
   3261 3295                   1                       2
   3289 3323                   1                      11
   3324 3359                   1                       7
   3362 3398                   1                       1
   3462 3499                   1                       7
   3484 3521                   1                       6
   3501 3538                   1                       3
   3518 3555                   1                       4
   3530 3567                   1                       2
   3547 3585                   1                       2
   3627 3665                   1                       1
   3641 3679                   1                       3
   3736 3775                   1                       2
   3750 3790                   1                      13
   3779 3820                   1                       3
   3854 3898                   1                       2
   3912 3956                   1                       1
   3973 4017                   1                       6
   4003 4047                   1                       8
   4030 4074                   1                       5
   4036 4080                   1                       3
   4148 4192                   1                      10
   4244 4289                   1                       4
   4252 4297                   1                       6
   4261 4306                   1                       3
   4289 4334                   1                       4
   4315 4360                   1                       2
   4402 4448                   1                       4
   4480 4529                   1                       1
   4566 4615                   1                       6
   4596 4646                   1                       4
   4617 4667                   1                       1
   4658 4708                   1                       9
   4696 4746                   1                       2
   4702 4753                   1                       7
